v  0  0  0
v  2  0  0
v  2  1  0
v  1  1  0
v  1  2  0
v  0  2  0
v  0  0  1
v  2  0  1
v  2  1  1
v  1  1  1
v  1  2  1
v  0  2  1


f  2  3  8
f  1  2  8
f  1  3  2
f  8  3  9
f  1  8  7
f  1  4  3
f  7  8  9
f  10  9  3
f  1  7  6
f  1  5  4
f  4  10  3
f  7  9  10
f  1  6  5
f  6  7  12
f  4  5  11
f  4  11  10
f  7  10  11
f  6  12  5
f  7  11  12
f  5  12  11


vn  1  0  0  
vn  0  -1  0  
vn  0  0  -1  
vn  1  0  0  
vn  0  -1  0  
vn  0  0  -1  
vn  0  0  1  
vn  0  1  0  
vn  -1  0  0  
vn  0  0  -1  
vn  0  1  0  
vn  0  0  1  
vn  0  0  -1  
vn  -1  0  0  
vn  1  0  0  
vn  1  0  0  
vn  0  0  1  
vn  0  1  0  
vn  0  0  1  
vn  0  1  0  
